0.298149 19.5632
4.02871 34.2142
12.0291 36.1784
24.2993 40.317
40.8394 43.178
61.6492 46.9097
86.7289 48.1793
116.078 53.4294
149.698 55.886
187.587 59.8409
229.746 56.7288
276.175 60.7077
326.873 58.7016
381.842 57.0749
441.08 58.5459
504.588 59.9545
572.366 57.2206
644.414 54.5799
720.732 52.2059
801.319 51.6724
886.177 49.9292
975.304 48.4384
1068.7 46.5597
1166.37 44.8995
1268.3 43.0064
1374.51 41.4336
1484.99 39.6068
1599.73 38.3381
1718.75 37.3224
1842.03 36.2658
1969.59 35.5194
2101.42 35.1226
2237.51 34.3942
2377.88 34.0804
2522.51 33.8697
2671.42 33.8706
2824.59 33.8245
2982.03 33.633
3143.75 33.7262
3309.73 33.5876
3479.99 33.5565
3654.51 33.7557
3833.3 33.8633
4016.37 34.0474
4203.7 33.9017
4395.3 34.113
4591.18 34.1441
4791.32 34.048
4995.73 34.0512
5204.41 33.8351
