18.0147 0.000385938
24.0156 0.000660524
28.0142 -0.000416118
40.026 -0.000272346
48.0312 0.0164351
56.8216 0.0150225
64.0417 0.0148014
71.0757 0.0139644
75.8702 0.0153227
80.0521 0.0125405
108.07 0.00748177
120.078 0.00464202
128.989 1.38216e-05
136.089 0.00116779
143.159 -0.00111722
147.928 -0.00377753
152.099 -0.00257869
164.107 -0.00586358
171.148 -0.00651408
180.117 -0.0101877
186 -0.0135316
192.125 -0.0136123
201.1 -0.0208053
212.138 -0.0200163
215.243 -0.021851
219.613 -0.0242633
232.151 -0.0254348
243.932 -0.0292609
258.494 -0.0360208
273.133 -0.0444111
284.185 -0.0443441
287.326 -0.046911
291.682 -0.0513822
308.2 -0.0516851
316.225 -0.0554322
330.426 -0.0632482
345.233 -0.07275
352.229 -0.0699543
359.409 -0.076262
363.595 -0.0782362
380.247 -0.081515
388.366 -0.0864794
402.538 -0.0946129
417.321 -0.103876
420.273 -0.101377
431.492 -0.109069
435.606 -0.111522
460.512 -0.120301
474.6 -0.129313
489.384 -0.137207
503.575 -0.145628
507.648 -0.147049
516.336 -0.142405
532.617 -0.157166
546.741 -0.166622
561.467 -0.17405
575.658 -0.183275
579.724 -0.185565
592.385 -0.176905
604.675 -0.19513
619.007 -0.207374
633.561 -0.214598
647.742 -0.221896
651.865 -0.224511
676.769 -0.235778
691.114 -0.247392
705.615 -0.255273
719.825 -0.261728
723.95 -0.275833
748.893 -0.280573
763.226 -0.289427
777.687 -0.296278
791.908 -0.302625
796.048 -0.315978
820.942 -0.319576
835.367 -0.332854
893.008 -0.372225
1076.21 -0.5059
