18.0147 3079.29
24.0156 3676.02
28.0142 3731.07
40.026 3544.22
48.0312 3587.96
56.8216 4264.85
64.0417 3906.74
71.0757 4154.49
75.8702 3835.43
80.0521 3923
108.07 3962.23
120.078 4063.69
128.989 4662.52
136.089 3962.09
143.159 4262.71
147.928 3906.35
152.099 3983.71
164.107 3988.3
171.148 3315.35
180.117 4080.37
186 3630.95
192.125 3920.54
201.1 4785.65
212.138 3577.46
215.243 4142.51
219.613 3624.39
232.151 3456.44
243.932 3636.64
258.494 4125.7
273.133 4766.55
284.185 3609.64
287.326 4102.88
291.682 3718.42
308.2 3616.95
316.225 3879.18
330.426 4246.83
345.233 4696.33
352.229 3684.53
359.409 4129.41
363.595 3825.86
380.247 3692.78
388.366 3994.06
402.538 4249.31
417.321 4499.15
420.273 3682.9
431.492 4130.36
435.606 3890.85
460.512 4049.05
474.6 4160.39
489.384 4234.27
503.575 3965.27
507.648 4004.14
516.336 3846.24
532.617 4002.82
546.741 4104.68
561.467 4156.65
575.658 3917.28
579.724 4006.66
592.385 3933.98
604.675 3804.87
619.007 4148.49
633.561 4123.17
647.742 3770.32
651.865 3848.83
676.769 3876.65
691.114 4091.26
705.615 3961.9
719.825 3325.62
723.95 4114.14
748.893 4201.75
763.226 3959.45
777.687 3732.25
791.908 3297.14
796.048 3903.03
820.942 3954.14
835.367 3916.71
893.008 4083.99
1076.21 3155.75
